0 	 -0.249996 	 0.0657689
0.5 	 0.607228 	 0.229325
1 	 0.857855 	 0.10948
1.5 	 0.771017 	 0.339432
2 	 0.998946 	 0.467346
2.5 	 0.540223 	 0.259708
3 	 0.306603 	 0.0172861
3.5 	 -0.574052 	 0.26485
4 	 -0.671228 	 0.00384909
4.5 	 -1.03582 	 0.0334211
5 	 -1.00018 	 0.343386
5.5 	 -0.661052 	 0.465218
6 	 -0.106332 	 0.263464
6.5 	 0.0111024 	 0.326959
7 	 0.614986 	 0.350595
7.5 	 1.14316 	 0.381099
8 	 0.870585 	 0.0237323
8.5 	 0.916528 	 0.164117
9 	 0.478438 	 0.378205
9.5 	 0.170368 	 0.182669
10 	 -0.670502 	 0.491275
